-2130032408
-2122596035
-2019785035
-1890215654
-1878333596
-1866417912
-1844730852
-1636953445
-1616148294
-1514284978
-1455503142
-1428781581
-1409350738
-1395540205
-1390993762
-1388263278
-1309681436
-1236362372
-1199585965
-1193828137
-1186111194
-1100771283
-1071953375
-1065565135
-1007385793
-885997104
-851204777
-794140932
-784076473
-629632859
-612728222
-574211040
-556970410
-460452986
-436985828
-273442186
-192184254
-74010993
-61854678
-36462540
0
0
0
0
0
0
0
0
0
0
49964197
91720427
164187251
176914919
301070077
359591928
370253966
448013021
508220237
547851602
681299107
761880100
763844800
822996318
875328198
902858941
915669630
935087065
972029511
997120427
1007227371
1022382594
1031613122
1065716488
1088694536
1096279794
1124097230
1136723181
1174441606
1228525998
1271719813
1282027707
1291619562
1327251086
1334115302
1410764294
1439195670
1544736581
1546044646
1648924285
1682182886
1794017708
1846111851
1846733003
1947657903
1987522757
1989284127
1990129094
2070098943
2090898818
