-363737016
-581375796
-41392433
-2136169640
-332281439
-1549099915
1301935375
-647335624
-1699419365
-891020496
1809291391
-1511934834
-360991916
1042191019
530902371
-817992008
-82482648
2043661715
1552582921
1027805977
-1458713002
1355709037
538614282
1867373580
1752529251
1347652518
759744719
-1507198187
-1942872642
-1238825752
205593686
-1060693927
865207076
2120731054
876734262
-794503857
-1452251835
170606874
1253638368
-43563336
-1259431768
-1883577595
-1608200409
484743628
-39839285
-2078866856
-63052799
1833654453
1648749197
-1361614695
-671730802
-721157568
-870850096
-1591765304
287778394
-1763186479
1465962842
-262815892
832048094
1687325848
1998366204
1250348520
-1785024180
1932649730
1117119989
1043533586
504635532
-1265808015
1139945879
920932101
-224146559
-1925052114
-1418483157
-1532526538
-84170864
2108658334
-1490066671
-1013891131
-1231028895
-738383437
408371499
-753546475
-1871843097
-163228251
-398988164
1752316574
-1816918626
1804291554
-1376667637
-1662118399
-476568813
-68583869
620602381
899257692
-1489314391
-72902017
-2114068926
664675295
1841301401
-1126566684
23815326
2138830751
-916402630
-820835261
11054636
1005114025
-131340414
-271874773
-1743028689
-72269478
-1738763316
-1749810598
1919829386
-499193362
1434023898
-597192592
-1808026015
360431958
788042526
-768829210
-429036033
183712077
-248129995
-774008771
-1228875527
781171628
-94495309
-1829645446
-2089568876
-2073819395
-1228368603
741501137
1800132707
-707444657
-279656877
-30566497
-2008803532
-361509304
553900229
-1271428195
2070052397
-1155640960
1936180616
-889882798
299512625
-1947513332
1542161201
-111941175
1625140103
1275812440
-1432130014
-106935420
346822589
2074011449
1116041483
1065924272
850340298
1939338561
2128392627
1413783193
-735274638
611404629
-1429944840
-1084491169
-1453258002
-351665539
-1581992684
1739187946
-1978647605
-1064469765
-505263839
1083372570
1123064338
-398651746
-20286242
1647743299
-585717336
91362391
1941164467
-1947841320
535223287
-1165752052
-1882424846
-1381704859
1029357006
799535532
1473561439
-887481918
-841965691
345721475
1214029298
663256709
980097893
1514018766
1739692762
-1306284360
-713548218
1466231698
-604512315
-1813042741
1840076408
-1218120536
-1865905570
927416524
-1920848666
778660636
1951680535
1151716564
-1580356488
-792531528
-1900992984
-1286121276
1683028921
878093531
182902230
-152260047
1983728826
1868316302
415047928
2122323356
-1907464395
586618840
-58479946
-1734055450
-603901708
740829009
1464080532
-2125971710
-939534221
1197178100
-1706438738
-46300180
1867744708
-206738631
619475525
-1129175079
-1517963854
-1875858077
-280123015
-1980425553
-539385047
-130015466
411256664
2141610166
-1150786859
-1854154452
-1363999466
-2010632816
1332778248
-1480931384
-1808440930
-619562394
-959131168
1178013098
1110008905
466078564
-841862232
986499268
523978732
-379316122
-576019586
763890702
1023169048
-751301389
-577450954
1563959958
524966556
-1454402711
-1728194690
-1635029030
204064590
1696849786
1028086082
1066959193
-1621295094
2130930646
518917457
-756144793
-1741644037
2014289705
95177536
479042369
832823577
-365212600
-353020786
902770784
-1316414735
1052017062
-1940594423
-597500143
582104492
-1562944500
907054447
-106708411
-1929807799
1265553545
1612648535
193884837
607592748
417571238
-362587823
-719871767
1228444637
1011413982
592969292
-912162454
1305878280
1211708748
540646200
203676917
1938857675
-932361050
-41613332
-1350313247
-755990735
-350010519
1015580744
-1747593117
-982261000
1191763797
-585803106
-317398752
343011994
1521606428
-346994611
1417714947
-516581494
-18297259
-948036433
126601040
-973985858
-693853002
1518806580
-1689091335
-1470577299
1834787970
75703758
-1288626128
-1245874407
-2112410560
1281052816
-1853282499
-500745264
975663021
128862097
1011596432
1737924526
492391411
-770692586
-994201063
1300403365
-1115051239
-1724439057
-732243497
440636288
1755130557
-1028249055
1627614639
-450803420
-726795775
-438460475
-503865218
3626009
644162243
1265913135
1792191601
296343112
1073918480
-881277103
586674835
1810554630
-405048359
1228805473
-335937625
-1050807984
-297126425
-298030406
162302519
1891052120
679331340
1981356799
-267403796
-515388352
1718362010
-520672122
1062496288
21115172
-1043956711
-699126542
-2111972943
-2145686946
-112116941
-255120351
-1625320936
-456060924
1790825971
1012007241
-1702754375
-146930507
-2074848978
-215794083
1314595196
-183422571
-895687871
734623156
289158555
-760906091
1410449660
-890849812
-811556419
-164984073
-1595128355
-543334388
908415044
-729683439
648014720
942521320
270712547
53274704
-1463237546
-1213337911
-1513596302
1575165055
1668967829
-336054196
2003911685
-114669239
674737263
-565864054
1322767162
-1177791748
1588210309
-945206663
-212964910
-2087694961
-1883961954
-2029805167
1635347586
1147660006
-470538605
-1505144398
-764447477
1821552979
694522765
-1016716732
249696648
743248480
1444491635
198215072
37922054
-1665607221
-1701402467
-1957318226
-1795408551
-1744190255
1701863629
-1661198642
-317427155
-991923793
-445265826
1112838395
252879195
1315080037
-1067033923
1349521197
-953279363
105321916
-1406526952
-1271698177
-373744700
-1678085750
665546838
-534295918
-1832416760
208474420
-1313232058
1047375536
-1519518176
357903733
-15038438
544513844
-2082048653
-186439076
-127630826
-1651549272
-928144433
6622363
-878520189
-2011816402
-1232802696
290815741
1751089130
-1605990748
2138200196
-1525208008
230584958
1662850051
1519984229
140865765
-1659300903
-738045945
1801096903
-2138068533
-1891656725
-525561580
-1831306596
438608483
1383185710
423720536
-1796249996
1527244696
-1971389922
1775272492
1146101521
1430454989
-292397592
-269322561
1137017658
-1937710812
137661537
1978620149
-30632241
1514269437
-800432839
914832780
-1066257635
1354469309
1887794800
1603814528
-229971853
-499234352
1562352136
144598705
-1467030283
-416719120
-1827628293
-1833961022
-1335036753
-1625038682
1165634927
1684278851
-1975193875
1606856977
1493435943
-885126127
-148167479
861638629
412482877
1074540796
-233069308
1645310902
-343594994
39638443
1996319001
-280579210
220470900
-1022845764
-217923697
-275921860
1475731258
353234991
-722106482
-1155952826
-691664948
1759277316
1976766901
529179713
-1562356946
653606177
-1811629526
333892551
2077004847
-307286151
1254068210
370720296
-913072419
1094483563
-857301631
1257112172
1642386747
117529703
208709268
73742744
1773882161
-1272873257
-972329153
1182751280
865908163
354725691
1640226881
-722821123
-1518626427
1341180566
-1910793057
-603573232
-739677106
744084232
275373167
1110036742
1641848363
-1603340356
-1259429644
2064443276
1343864215
246789891
-1612933653
2061305637
747514600
-202211647
537867300
1229688618
-1545728245
-231706873
23591251
584510482
-313620109
498082561
-1054422745
1303795
777013582
947889170
-817968228
1946139977
108922361
-1862538435
-1511367539
-743690507
-366638410
-1868655418
970317964
2132967559
-1347860068
-1451185640
1919062773
1835744191
-697062962
1411753449
-1476419264
276580432
605324527
-1297082725
-676780137
-1985515800
-2135652395
1423147749
1669456552
-2009102228
-1231984004
-2031258446
41265851
449502600
1274098492
-1192636855
1763707910
192772710
-81135298
1832177069
1309904960
-350324036
-465642964
-146841018
-1739354765
-836267508
-26601689
843102400
-1046770154
-1759620057
1224183038
2116690226
204252762
-618987022
-246285413
1483780995
-24491324
1651039852
-78065472
312628745
1544911867
-1419227153
-935630349
-1611527566
1359895523
-644132427
712114615
2135008487
-529432599
306772381
171686908
384651630
-2086169440
1806505519
680297943
-1124103281
-598530419
2138384605
1976351861
1471835194
-252599234
630997131
293064525
1506636263
-1698566751
1573615697
784748949
-1721948418
263455890
-2088952193
1281568502
-2089530758
592097973
1618790369
-520947838
-1127457080
1586575493
-633416893
2133817061
-950680844
651450797
-449961673
-1580660006
-1882867193
636443286
901186581
-1671271199
1240663210
720552768
767732802
1662182190
338686222
-787627
-1496935243
-265941788
-212138737
-953019525
415216567
2005908866
-1186093417
2007846889
-441879575
1946000285
-807246272
-49002435
729594251
30897871
440586301
1505931403
-591169542
1008371951
-1362696326
1354440633
898734970
621483650
61779712
-2109315319
679234358
-2072305040
-627022434
1299730166
-1858812028
1981556986
945575877
209898820
-654546836
-1086515733
-1581159501
-1900148654
142311530
2075453965
-1421095980
-891503694
-891476109
147702750
1189696356
992596475
-1280429515
34291587
-1416257192
-702199843
-1138894429
-1847434755
-588647042
480488565
-1188899152
-1490517094
-856998941
-722152735
-621808039
-496898643
-2111640972
634095895
-1286641175
1265639297
766874855
1424582642
-332638344
1403711114
1794398939
1110380685
-1509527884
24049117
437556285
820144852
1334019555
-1008793375
747331566
-1006519977
-670072024
-1354916538
-247400286
-2003593631
398136836
1327390774
-1012272117
-1622069687
-1701968609
-755012917
-1592602571
1057573639
629806152
-824391232
-447974605
-403700471
65521338
-1018672022
28213499
1324887367
-1276739167
-88420632
1095674766
-1265580907
-400698660
1400075161
-644193957
-2064509897
215343107
1233944526
-2123203099
-1630848070
-456572502
-80425024
1488904355
1490700289
772984551
477631940
-110490074
-1794758755
724442385
2146392252
1729314689
-1322053534
-48646198
1364616656
784827364
-1736496586
-820619968
-1516623522
972609674
1411289900
1248758447
348070702
-1712039211
1324028112
-983120599
-1673631254
1099364534
-1423113532
1278053017
-1351945780
1133658962
73951883
1772111621
-1235744103
-1521924126
1213340836
1748576786
366299341
736596698
-675385638
1438570701
1940082199
909295949
1268512730
513210280
877143303
-1137097585
1344418822
-1809264447
320939013
-238601189
1652892552
-1530029462
1287359365
-600536649
-1996737112
-1214242331
-1369681032
-256015403
-1694755486
1263918703
1060297733
-1479939524
1969761075
828878975
1463383416
-509869849
-1384519629
376492367
1082258298
740029741
2053713512
1376695963
-790904958
-32378591
-1295881640
200601256
1453596299
73630011
-1005833761
-1114359673
1130929671
-1072746441
1931967555
-1746641766
-317793261
703298877
1190315909
-1076590249
-1179377941
2044497985
-1637236999
299776075
-156602465
-863612756
1426077464
-630005918
1327508486
1521926715
1150325397
-574819739
1582973939
-1826698201
153281709
431028419
-1288137306
1471008390
-648846141
-638338157
-96526971
910600689
-1821112533
971427801
265678092
-422896283
-454144187
-830668537
-786621184
14982766
-1675120946
1804361671
1842425578
2025852801
1182533234
1466693879
1150259651
1701050537
-1996022876
-1878558475
1804746219
597632614
-1792075854
1450393371
-1644913568
-2146970927
1852793875
498050445
2013474091
-10371836
-1090226173
1324515633
-1891983075
289657528
-636589231
1975131646
-877503813
1262243886
2093572727
811416442
1945733750
893155923
1926768619
1526713725
153967135
-1862052066
-1802598732
-83065542
-2105418855
-539948995
-1628554689
1691313791
-992039217
