1846111851
-1199585965
-1455503142
1546044646
-574211040
-436985828
-1878333596
448013021
-273442186
-1844730852
1794017708
-1428781581
1136723181
1987522757
-2122596035
-1616148294
1648924285
1439195670
1544736581
-36462540
-794140932
-1065565135
-1636953445
-460452986
1031613122
-61854678
1022382594
91720427
370253966
-1071953375
1947657903
1007227371
997120427
-1388263278
1065716488
1846733003
-1514284978
1291619562
1228525998
-784076473
-192184254
822996318
902858941
915669630
1990129094
359591928
547851602
-1100771283
-2019785035
1096279794
508220237
1989284127
176914919
972029511
-851204777
-1309681436
-1193828137
1174441606
-1186111194
763844800
1271719813
-2130032408
2070098943
1334115302
-1390993762
-629632859
-1236362372
1682182886
935087065
2090898818
-74010993
-612728222
681299107
-1409350738
875328198
1088694536
301070077
1124097230
-885997104
1282027707
49964197
-556970410
-1007385793
-1395540205
164187251
-1890215654
1327251086
-1866417912
1410764294
761880100
-639874714
-744583703
-230992993
911860935
-170715620
-1312670318
-1202885044
1654140404
-1671731586
280890845
