-2145686946
-2138068533
-2136169640
-2135652395
-2125971710
-2123203099
-2114068926
-2112410560
-2111972943
-2111640972
-2109315319
-2089568876
-2089530758
-2088952193
-2087694961
-2086169440
-2082048653
-2078866856
-2074848978
-2073819395
-2072305040
-2064509897
-2031258446
-2029805167
-2011816402
-2010632816
-2009102228
-2008803532
-2003593631
-1996737112
-1985515800
-1980425553
-1978647605
-1975193875
-1971389922
-1957318226
-1947841320
-1947513332
-1942872642
-1940594423
-1937710812
-1929807799
-1925052114
-1920848666
-1910793057
-1907464395
-1900992984
-1900148654
-1891656725
-1883961954
-1883577595
-1882867193
-1882424846
-1875858077
-1871843097
-1868655418
-1865905570
-1862538435
-1858812028
-1854154452
-1853282499
-1847434755
-1833961022
-1832416760
-1831306596
-1829645446
-1827628293
-1816918626
-1813042741
-1811629526
-1809264447
-1808440930
-1808026015
-1796249996
-1795408551
-1794758755
-1785024180
-1763186479
-1759620057
-1749810598
-1747593117
-1744190255
-1743028689
-1741644037
-1739354765
-1738763316
-1736496586
-1734055450
-1728194690
-1724439057
-1721948418
-1712039211
-1706438738
-1702754375
-1701968609
-1701402467
-1699419365
-1698566751
-1694755486
-1689091335
-1678085750
-1673631254
-1671271199
-1665607221
-1662118399
-1661198642
-1659300903
-1651549272
-1635029030
-1630848070
-1625320936
-1625038682
-1622069687
-1621295094
-1612933653
-1611527566
-1608200409
-1605990748
-1603340356
-1595128355
-1592602571
-1591765304
-1581992684
-1581159501
-1580660006
-1580356488
-1562944500
-1562356946
-1549099915
-1545728245
-1532526538
-1530029462
-1525208008
-1521924126
-1519518176
-1518626427
-1517963854
-1516623522
-1513596302
-1511934834
-1511367539
-1509527884
-1507198187
-1505144398
-1496935243
-1490517094
-1490066671
-1489314391
-1480931384
-1476419264
-1470577299
-1467030283
-1463237546
-1458713002
-1454402711
-1453258002
-1452251835
-1451185640
-1432130014
-1429944840
-1423113532
-1421095980
-1419227153
-1418483157
-1416257192
-1406526952
-1381704859
-1376667637
-1369681032
-1363999466
-1362696326
-1361614695
-1354916538
-1351945780
-1350313247
-1347860068
-1335036753
-1322053534
-1316414735
-1313232058
-1306284360
-1297082725
-1288626128
-1286641175
-1286121276
-1280429515
-1276739167
-1272873257
-1271698177
-1271428195
-1265808015
-1265580907
-1259431768
-1259429644
-1245874407
-1238825752
-1235744103
-1232802696
-1231984004
-1231028895
-1228875527
-1228368603
-1218120536
-1214242331
-1213337911
-1192636855
-1188899152
-1186093417
-1177791748
-1165752052
-1155952826
-1155640960
-1150786859
-1138894429
-1137097585
-1129175079
-1127457080
-1126566684
-1124103281
-1115051239
-1086515733
-1084491169
-1067033923
-1066257635
-1064469765
-1060693927
-1054422745
-1050807984
-1046770154
-1043956711
-1028249055
-1022845764
-1018672022
-1016716732
-1013891131
-1012272117
-1008793375
-1006519977
-994201063
-991923793
-983120599
-982261000
-973985858
-972329153
-959131168
-953279363
-953019525
-950680844
-948036433
-945206663
-939534221
-935630349
-932361050
-928144433
-916402630
-913072419
-912162454
-895687871
-891503694
-891476109
-891020496
-890849812
-889882798
-887481918
-885126127
-881277103
-878520189
-870850096
-857301631
-856998941
-841965691
-841862232
-836267508
-824391232
-820835261
-820619968
-817992008
-817968228
-811556419
-807246272
-800432839
-794503857
-792531528
-774008771
-770692586
-768829210
-764447477
-760906091
-756144793
-755990735
-755012917
-753546475
-751301389
-743690507
-739677106
-738383437
-738045945
-735274638
-732243497
-729683439
-726795775
-722821123
-722152735
-722106482
-721157568
-719871767
-713548218
-707444657
-702199843
-699126542
-697062962
-693853002
-691664948
-676780137
-675385638
-671730802
-670072024
-654546836
-647335624
-644193957
-644132427
-633416893
-627022434
-621808039
-619562394
-618987022
-604512315
-603901708
-603573232
-600536649
-598530419
-597500143
-597192592
-591169542
-588647042
-585803106
-585717336
-581375796
-577450954
-576019586
-565864054
-543334388
-539385047
-534295918
-529432599
-525561580
-520947838
-520672122
-516581494
-515388352
-505263839
-503865218
-500745264
-499234352
-499193362
-496898643
-476568813
-470538605
-465642964
-456572502
-456060924
-450803420
-449961673
-447974605
-445265826
-441879575
-438460475
-429036033
-416719120
-405048359
-403700471
-400698660
-398988164
-398651746
-379316122
-373744700
-366638410
-365212600
-363737016
-362587823
-361509304
-360991916
-353020786
-351665539
-350324036
-350010519
-346994611
-343594994
-336054196
-335937625
-332638344
-332281439
-317427155
-317398752
-313620109
-307286151
-298030406
-297126425
-292397592
-280579210
-280123015
-279656877
-275921860
-271874773
-269322561
-267403796
-265941788
-262815892
-256015403
-255120351
-252599234
-248129995
-247400286
-246285413
-238601189
-233069308
-231706873
-229971853
-224146559
-217923697
-215794083
-212964910
-212138737
-206738631
-202211647
-186439076
-183422571
-164984073
-163228251
-152260047
-148167479
-146930507
-146841018
-131340414
-130015466
-127630826
-114669239
-112116941
-111941175
-110490074
-106935420
-106708411
-94495309
-88420632
-84170864
-82482648
-81135298
-80425024
-78065472
-72902017
-72269478
-68583869
-63052799
-58479946
-49002435
-48646198
-46300180
-43563336
-41613332
-41392433
-39839285
-30632241
-30566497
-26601689
-24491324
-20286242
-18297259
-15038438
-787627
0
0
0
0
0
0
0
0
0
0
0
0
0
0
0
0
0
0
0
0
0
0
0
0
0
0
0
0
0
0
0
0
0
0
0
0
0
0
0
0
0
0
0
0
0
0
0
0
0
0
0
0
0
0
0
0
0
0
0
0
0
0
0
0
0
0
0
0
0
0
0
0
0
0
0
0
0
0
0
0
0
0
0
0
0
0
0
0
0
0
0
0
0
0
0
0
0
0
0
0
1303795
3626009
6622363
11054636
21115172
23591251
23815326
24049117
28213499
30897871
34291587
37922054
39638443
41265851
53274704
61779712
65521338
73742744
73951883
75703758
91362391
95177536
105321916
108922361
117529703
126601040
128862097
137661537
140865765
142311530
144598705
147702750
162302519
170606874
171686908
182902230
183712077
192772710
193884837
198215072
203676917
204064590
204252762
205593686
208474420
208709268
209898820
215343107
220470900
230584958
246789891
249696648
252879195
263455890
270712547
275373167
276580432
287778394
289158555
290815741
293064525
296343112
299512625
306772381
312628745
320939013
333892551
338686222
343011994
345721475
346822589
348070702
353234991
354725691
357903733
360431958
366299341
370720296
384651630
398136836
408371499
411256664
412482877
415047928
415216567
417571238
423720536
437556285
438608483
440586301
440636288
449502600
466078564
477631940
479042369
480488565
484743628
492391411
498082561
504635532
513210280
518917457
523978732
524966556
529179713
530902371
535223287
537867300
538614282
540646200
544513844
553900229
582104492
584510482
586618840
586674835
592097973
592969292
605324527
607592748
611404629
619475525
620602381
621483650
629806152
630997131
634095895
636443286
644162243
648014720
651450797
653606177
663256709
664675295
665546838
674737263
679234358
679331340
680297943
694522765
712114615
720552768
724442385
729594251
734623156
736596698
740829009
741501137
743248480
744084232
747331566
747514600
759744719
763890702
766874855
767732802
772984551
777013582
778660636
781171628
784748949
784827364
788042526
799535532
820144852
832048094
832823577
843102400
850340298
861638629
865207076
865908163
876734262
877143303
878093531
898734970
899257692
901186581
902770784
907054447
908415044
909295949
914832780
920932101
927416524
942521320
945575877
947889170
970317964
972609674
975663021
980097893
986499268
992596475
1005114025
1008371951
1011413982
1011596432
1012007241
1015580744
1023169048
1027805977
1028086082
1029357006
1042191019
1043533586
1047375536
1052017062
1057573639
1060297733
1062496288
1065924272
1066959193
1073918480
1074540796
1083372570
1094483563
1095674766
1099364534
1110008905
1110036742
1110380685
1112838395
1116041483
1117119989
1123064338
1133658962
1137017658
1139945879
1146101521
1147660006
1151716564
1165634927
1178013098
1182751280
1189696356
1191763797
1197178100
1211708748
1213340836
1214029298
1224183038
1228444637
1228805473
1229688618
1233944526
1240663210
1248758447
1250348520
1253638368
1254068210
1257112172
1263918703
1265553545
1265639297
1265913135
1268512730
1274098492
1275812440
1278053017
1281052816
1281568502
1287359365
1299730166
1300403365
1301935375
1305878280
1309904960
1314595196
1315080037
1322767162
1324028112
1324887367
1327390774
1332778248
1334019555
1341180566
1343864215
1344418822
1347652518
1349521197
1354440633
1354469309
1355709037
1359895523
1364616656
1383185710
1400075161
1403711114
1410449660
1411289900
1411753449
1413783193
1417714947
1423147749
1424582642
1430454989
1434023898
1438570701
1444491635
1464080532
1465962842
1466231698
1471835194
1473561439
1475731258
1483780995
1488904355
1490700289
1493435943
1505931403
1506636263
1514018766
1514269437
1518806580
1519984229
1521606428
1527244696
1542161201
1544911867
1552582921
1562352136
1563959958
1573615697
1575165055
1586575493
1588210309
1603814528
1606856977
1612648535
1618790369
1625140103
1627614639
1635347586
1640226881
1641848363
1642386747
1645310902
1647743299
1648749197
1651039852
1652892552
1662182190
1662850051
1668967829
1669456552
1683028921
1684278851
1687325848
1696849786
1701863629
1718362010
1729314689
1737924526
1739187946
1739692762
1748576786
1751089130
1752316574
1752529251
1755130557
1759277316
1763707910
1772111621
1773882161
1775272492
1790825971
1792191601
1794398939
1800132707
1801096903
1804291554
1806505519
1809291391
1810554630
1821552979
1832177069
1833654453
1834787970
1835744191
1840076408
1841301401
1867373580
1867744708
1868316302
1887794800
1891052120
1919062773
1919829386
1932649730
1936180616
1938857675
1939338561
1940082199
1941164467
1946000285
1946139977
1951680535
1976351861
1976766901
1978620149
1981356799
1981556986
1983728826
1996319001
1998366204
2003911685
2005908866
2007846889
2014289705
2043661715
2061305637
2064443276
2070052397
2074011449
2075453965
2077004847
2108658334
2116690226
2120731054
2122323356
2128392627
2130930646
2132967559
2133817061
2135008487
2138200196
2138384605
2138830751
2141610166
2146392252
